0.7424519386260502
0.6968058020918788
0.7229620376722816
0.6874295997298373
0.7559071263927918
0.7424519386260502
0.7296762985511783
0.8477256233416847;0.55105427514156;0.8188880171826167;0.569555292701654
0.9736850488390522;0.5841385107323287;0.45509609974809745;0.878928491369648
0.9063499819920444;0.5671142868760858;0.5850508460782163;0.6912032839730028
1506786;692394;979347;312270
Confusion matrix
1467135;30246;8565;840
166137;404454;73884;47919
88647;286335;445697;158668
8753;12929;16125;274463
0.8287385974197928;0.3957847312467707;0.4134783532373894;0.5281211936955572
840;56484;262798;2591749;468597;101576;8753
1506786;692394;979347;312270
1730672;733964;544271;481890
0.7229620376722816
0.25754806137394987
0.6360788077854901
0.6257672549179212
0.5994693702962235
