0.7433164109836936
0.6894092019760123
0.7253790329550265
0.6941661901851268
0.7446057035915252
0.7433164109836936
0.7319305332972075
0.865378788249036;0.5396097772143288;0.7464997663969256;0.6061484760437589
0.9806316284994323;0.564349871858098;0.4915094882142404;0.8650251432483351
0.9194073908686373;0.5517026077541068;0.5927447097300457;0.7128100523877173
1444520;618455;1095517;359341
Confusion matrix
1416542;9983;17781;214
100284;349025;139225;29921
111775;273449;538457;171836
8303;14353;25846;310839
0.850836275483788;0.3809318519165284;0.42120624013880187;0.5537722336240807
214;47702;321044;2614863;399579;126128;8303
1444520;618455;1095517;359341
1636904;646810;721309;512810
0.7253790329550265
0.25668358901630633
0.6396499732857002
0.6321840195167749
0.6040852109579189
