0.7846738665028172
0.7174137286761484
0.7183951742359187
0.7042367307081197
0.778369771683162
0.7846738665028172
0.7718705289972996
0.8693462529036504;0.5967243241288507;0.7685185389502208;0.635065798721872
0.9764875990205808;0.5325914732548928;0.49017201437816144;0.8743296102900401
0.9198074185609535;0.5628368745944713;0.5985685350987322;0.7357340945783217
1861103;681620;710522;268687
Confusion matrix
1817344;25248;16996;1515
179722;363025;73331;65542
87346;206960;348278;67938
6060;13130;14576;234921
0.8515216956365079;0.3916304730095646;0.4271122420823497;0.5819456899242473
1515;82538;166517;2763568;401258;100476;6060
1861103;681620;710522;268687
2090472;608363;453181;369916
0.7183951742359187
0.2153261334971828
0.6583399375146217
0.6521062362817909
0.6563291487128322
