0.7691346158066371
0.6632731527608315
0.7304037458392638
0.6675114474337532
0.8233775489794423
0.7691346158066371
0.7740575283641351
0.9011767809868171;0.2743649947578478;0.8854722427469099;0.5920785925517518
0.9783336653295681;0.5809772114586346;0.5396016026407948;0.822702503928058
0.9381715169294913;0.37271587539533646;0.6705648873236895;0.6885935100864956
1536162;214406;1308091;358956
Confusion matrix
1502879;19009;13357;917
23498;124565;51176;15167
128794;286072;705848;187377
12514;24366;26762;295314
0.8835433705983887;0.22904167118688323;0.5043983575653894;0.5250801451591969
917;28524;257562;2628606;336332;153160;12514
1536162;214406;1308091;358956
1667685;454012;797143;498775
0.7304037458392638
0.23086538419336292
0.6697061282489902
0.654253087207184
0.6597154098251234
