0.7831698405250154
0.7255227647518847
0.7272968118061911
0.7164284462761515
0.7713569050555483
0.7831698405250154
0.76925620438256
0.8536422550591432;0.6258309380036692;0.7493903309076286;0.6732275350370981
0.9835012108744191;0.4785664588865066;0.5703183229430434;0.8768012545207957
0.9139821762124685;0.5423803002531344;0.6477051362903791;0.7616461723486242
1799526;704270;810372;283136
Confusion matrix
1769836;24068;4804;818
220399;337040;134696;12135
76021;164636;462170;107545
7020;12804;15058;248254
0.841590401366451;0.3721000068449443;0.47896738623527096;0.6150472953219996
818;16939;266309;2817300;400093;88825;7020
1799526;704270;810372;283136
2073276;538548;616728;368752
0.7272968118061911
0.2168301594749846
0.6653584208388772
0.6589060360382484
0.6501553580560864
