0.7697894334297041
0.7039768412307948
0.6947177150116376
0.6816560570013158
0.7709040007551693
0.7697894334297041
0.7560154457397208
0.8417925828526862;0.5836779891936976;0.83743539524509;0.5530013976317054
0.9860511647849078;0.4559687755011671;0.5324555678801953;0.80439535188028
0.9082292268165595;0.5119795435476496;0.6509965405143271;0.6554189171267271
1819220;632324;867278;313331
Confusion matrix
1793844;17488;7006;882
254612;288320;61144;28248
77522;153370;461787;174599
5003;34793;21493;252042
0.8318863713197768;0.3440675437811391;0.4825758866196896;0.487452133214714
882;35254;253231;2795993;429475;112315;5003
1819220;632324;867278;313331
2130981;493971;551430;455771
0.6947177150116376
0.2302105665702959
0.6474507613475391
0.637686503874749
0.6338410865771018
