0.7848521302151736
0.6508937507000467
0.7225587004968873
0.6555960414565383
0.8441238433094046
0.7848521302151736
0.7949805074988799
0.8703147014699759;0.16044847651052122;0.9140085231137179;0.6588033017059721
0.9798442642690857;0.47086125589476296;0.5956528929993782;0.8438763888243225
0.9218374033106611;0.2393404292004323;0.7212634769728911;0.739942856342169
1557125;120870;1511580;344176
Confusion matrix
1525740;12500;17960;925
18383;56913;39933;5641
198097;269251;900377;143855
10870;16048;26816;290442
0.8550077753961249;0.13593793665162693;0.5640438542143684;0.5872296030910014
925;23601;196288;2773472;314450;214145;10870
1557125;120870;1511580;344176
1753090;354712;985086;440863
0.7225587004968873
0.2151478697848264
0.6836264978201112
0.6672471755159717
0.6798703546722947
