0.792411785423408
0.7077476269551621
0.7335677432397993
0.7075844462124001
0.8297813534664862
0.792411785423408
0.7995903676156744
0.8694400246874766;0.2926598660518545;0.9107790649194789;0.7581115521618386
0.9664542735885919;0.504390771500813;0.6554434220322277;0.8079825058375648
0.9153838848753026;0.3704029045845042;0.7622980157665719;0.7822529796232218
1550898;279222;1426474;377726
Confusion matrix
1498872;31343;20034;649
88761;140837;39778;9846
126420;278198;934973;86883
9898;30853;31779;305196
0.8439703892561672;0.22729722925166554;0.6158978699858043;0.6423772479288745
649;29880;158004;2879878;398738;157273;9898
1550898;279222;1426474;377726
1723951;481231;1026564;402574
0.7335677432397993
0.20758821457659205
0.697092766287357
0.6878480203196029
0.6861209971174889
