0.7892415111803323
0.7334137910083379
0.7259682509424306
0.7158480005785781
0.7875506995894672
0.7892415111803323
0.7766411134916763
0.88710828173629;0.5326031864286718;0.7503422363323916;0.7636014595359982
0.9745313575369684;0.6153962847259584;0.4235828981785845;0.8903624633282109
0.928767114585335;0.5710142389382051;0.5414862153434932;0.822124433447279
1800253;566903;729817;314956
Confusion matrix
1754403;20762;24481;607
149076;348870;61316;7641
66962;275150;309138;78567
7224;10246;17061;280425
0.8670076574673279;0.39959407189188384;0.3712588945266761;0.697972227960704
607;32122;160645;2692836;441287;77208;7224
1800253;566903;729817;314956
1977665;655028;411996;367240
0.7259682509424306
0.2107584888196677
0.6704909684998394
0.6635951585593616
0.6677002388304741
