0.9360723670911664
0.4966316325955683
0.4298968479235929
0.4587336782563919
0.990986590488431
0.9360723670911664
0.9604882935630144
2.304185442552719
0.2572604398322903
0.0
0.0
0.9898613761173003;0.0;0.0;0.9966651542649728
0.9737720248387032;0.0;0.0;0.7458153668556684
0.9817507851130359;0.0;0.0;0.8531839279125317
297278;0;0;58906
Confusion matrix
289481;2977;4673;147
0;0;0;0
0;0;0;0
2965;10514;1494;43933
0.9641557005492218;0.0;0.0;0.7439588166562241
147;4673;2977;333414;1494;10514;2965
297278;0;0;58906
292446;13491;6167;44080
0.8597936958471858
0.06392763290883363
0.7888807114496703
0.7827558964667174
0.9277393605603371
