0.7978261398472094
0.4872888938159361
0.420751662806243
0.4475131177392826
0.9826035763672749
0.7978261398472094
0.8731564861813783
7.287084539687028
0.6236524019519141
0.0
0.0
0.9492212429066699;0.0;0.0;0.9999343323570744
0.9794963068434636;0.0;0.0;0.7035103443815085
0.9641211611569525;0.0;0.0;0.8259313098001779
56185;0;0;108223
Confusion matrix
55033;618;529;5
0;0;0;0
0;0;0;0
2944;16458;12685;76136
0.9307277308934702;0.0;0.0;0.7034778430720331
5;529;618;131169;12685;16458;2944
56185;0;0;108223
57977;17076;13214;76141
0.841503325612486
0.20217386015279062
0.6919956347017723
0.6481691969310044
0.7811385101152879
