0.7075415007887028
0.43414122600413063
0.5130708195482734
0.450090561470346
0.8685722424831467
0.7075415007887028
0.7669622751141317
10.54127277627339
0.8663848367593977
0.0
0.0
0.5581568744407993;0.0;0.2057400483835496;0.9726679811921736
0.9624582154795577;0.0;0.3650019508388607;0.7248231118746751
0.7065596979707409;0.0;0.26315049226441634;0.8306520556462268
3889;0;5126;44237
Confusion matrix
3743;0;146;0
0;0;0;0
2084;270;1871;901
879;4217;7077;32064
0.5462638645650905;0.0;0.15151024374443275;0.7103549116044131
0;146;901;37678;7347;6301;879
3889;0;5126;44237
6706;4487;9094;32965
0.6840944260643645
0.29245849921129724
0.41058032391258076
0.36439148167532387
0.6445773286143623
