0.6793081177087958
0.4334180890995627
0.5484377646291627
0.43923760018730273
0.8839495210981221
0.6793081177087958
0.7503698714432048
11.558907050007715
0.9564619435759119
0.7235572497686475
0.8030489524294988
0.6242728934685059;0.10047902341033764;0.033296903460837884;0.9756235360585694
0.9220619822031298;0.38676579925650556;0.2136512388966807;0.671272038160335
0.7444937194955777;0.1595167274845911;0.05761472516389309;0.7953252286051489
16295;6725;2139;123479
Confusion matrix
15025;1254;3;13
1432;2601;1795;897
474;47;457;1161
7137;21984;11470;82888
0.5929828715762886;0.0866711096301233;0.029661842019861103;0.6601991238550379
13;900;4210;100971;12949;22458;7137
16295;6725;2139;123479
24068;25886;13725;84959
0.5484377646291627
0.32069188229120416
0.41864516463721435
0.35630556871174535
0.6178076494515192
