0.6298641404605334
0.4227651833787357
0.47215721458138016
0.4124619615383799
0.8848408236311153
0.6298641404605334
0.7253019224981382
13.341048628123483
1.0908094257585415
0.6718179631228989
0.7028305521353011
0.6457507987220448;0.018970592608010466;0.05964128790607218;0.9666980542788153
0.8875032932291209;0.11931924443613241;0.23599828986746474;0.6458080307928026
0.7475681473536265;0.03273641541382318;0.09521892878705115;0.7743243545990187
11387;5347;7017;160557
Confusion matrix
10106;903;371;7
649;638;2054;2006
3172;630;1656;1559
1723;31460;23685;103689
0.5968932726950564;0.01664058424621805;0.04998943460017508;0.6317530722785126
7;2377;4516;116089;24964;34632;1723
11387;5347;7017;160557
15650;33631;27766;107261
0.47215721458138016
0.37013585953946654
0.2843739514471609
0.22363359584282172
0.5896051977589346
