0.6611492062176738
0.46947196797083696
0.30056444643553004
0.32605822931361206
0.9289550159160356
0.6611492062176738
0.696319476381966
12.213420561717372
1.0729559509217406
0.0
0.0
0.8785814974642593;0.0;0.0;0.9993063744190885
0.9638280097406637;0.0;0.0;0.23842977600145637
0.9192326166191055;0.0;0.0;0.38500030063534274
168777;0;0;120849
Confusion matrix
162672;5013;1072;20
0;0;0;0
0;0;0;0
22481;58444;11110;28814
0.8505369710025201;0.0;0.0;0.23839032340798716
20;1072;5013;191486;11110;58444;22481
168777;0;0;120849
185153;63457;12182;28834
0.6011288928710601
0.3388507937823262
0.4859173801771712
0.42168014658214414
0.5951133895037883
