0.6370730288746986
0.38377250162061705
0.5199630359907109
0.4097686352344496
0.7617453378289817
0.6370730288746986
0.6811210329791472
13.08121395280249
1.0852664961053162
0.6830431293355284
0.7136661886219022
0.423986856516977;0.02333851967103801;0.18299795092733673;0.9047666793671165
1.0;0.11064278187565858;0.27607799619530754;0.6931313658918777
0.595492654411199;0.038546255506607924;0.22010174097127871;0.7849338900487127
3871;949;12616;65093
Confusion matrix
3871;0;0;0
28;105;378;438
3795;1027;3483;4311
1436;3367;15172;45118
0.423986856516977;0.019651880965749578;0.12365973159128027;0.6460009736261848
0;438;4689;52577;16227;7162;1436
3871;949;12616;65093
9130;4499;19033;49867
0.5199630359907109
0.3629269711253014
0.26735799567821833
0.24758766156191792
0.5485360940592828
