0.6103770059984217
0.4610973254320634
0.48762056645166957
0.4383506811836204
0.8646092903615659
0.6103770059984217
0.7012279778080536
14.043436148222959
1.1395655523008845
0.6804568471504238
0.7379847720039114
0.7606216494287107;0.015336049627427229;0.11708035057202114;0.9513512521000945
0.8847791579530853;0.1409201295196978;0.32523850823937556;0.5995444700945196
0.8180161082736892;0.027661729751918378;0.17217913188921502;0.7355457548196592
79378;14824;32284;518517
Confusion matrix
70232;5040;4015;91
2359;2089;7283;3093
6414;2657;10500;12713
13330;126429;67884;310874
0.6920704368305397;0.014024840550520308;0.09419912798521522;0.5817100599909434
91;7108;25036;393695;72900;132843;13330
79378;14824;32284;518517
92335;136215;89682;326771
0.48762056645166957
0.3896229940015783
0.3693478355243751
0.3083193712229423
0.5578435312630393
