0.5447502361583036
0.47640904039420895
0.49175638427780227
0.4025480176848565
0.8982770410999164
0.5447502361583036
0.6479699612485721
16.40886469338754
1.4709282239313155
0.6825941277149218
0.7290198707460672
0.8593291788856305;0.013711866246878732;0.07528138022354637;0.9573137362207802
0.8855177065767285;0.3836573511543135;0.26724733858703165;0.43060314079313566
0.87222691001867;0.026477432338944677;0.1174718930416287;0.5940158353401827
74125;3292;7233;199058
Confusion matrix
65639;4488;3992;6
664;1263;443;922
1990;416;1933;2894
8091;85943;19309;85715
0.7734063862377755;0.013416331169865837;0.06240113632695225;0.4224911277602524
6;4914;7825;154550;20389;87933;8091
74125;3292;7233;199058
76384;92110;25677;89537
0.49175638427780227
0.4552497638416964
0.44107265404398577
0.35163513917931977
0.5002484994108009
