0.7352051118917873
0.4905971865447065
0.32401240138524057
0.3661267607063732
0.9762161537126948
0.7352051118917873
0.7963559271007152
9.544175166182482
0.9996266156637957
0.0
0.0
0.9633705037532;0.0;0.0;0.9990182424256262
0.9601626016260163;0.0;0.0;0.33588700391494586
0.9617638777587664;0.0;0.0;0.5027431650667264
231240;0;0;130270
Confusion matrix
222028;1520;7649;43
0;0;0;0
0;0;0;0
8442;56766;21306;43756
0.9263440725628124;0.0;0.0;0.3357761696837614
43;7649;1520;265784;21306;56766;8442
231240;0;0;130270
230470;58286;28955;43799
0.6480248027704811
0.2647948881082128
0.5653413830189847
0.5172833899596049
0.713533138679783
