0.5191351341638177
0.436997821093985
0.4616453206140686
0.41685410047195304
0.6963722014275999
0.5191351341638177
0.5752808029057078
17.332126551203668
1.5052186592507018
0.6484985864745699
0.7118565185689169
0.6696427654087598;0.026258252593672298;0.22463721792495045;0.8274530484485574
0.8556780884862807;0.2123050259965338;0.285551763367463;0.4930464046059967
0.7513155543772082;0.04673610316279425;0.25145801280904506;0.6179067315387644
76170;11540;61530;295962
Confusion matrix
65177;3016;6675;1302
1211;2450;2478;5401
16743;3491;17570;23726
14200;84347;51492;145923
0.6016856836896717;0.02392718323339258;0.14381010845099243;0.44708034228884985
1302;12076;29220;231120;56194;101090;14200
76170;11540;61530;295962
97331;93304;78215;176352
0.4616453206140686
0.4808648658361822
0.3115687398355794
0.28181046367286533
0.4206493826591924
