0.6823134663945484
0.478953127139111
0.5404500584521563
0.4737253242578589
0.8043921755559076
0.6823134663945484
0.7200268190333471
11.450583303665017
1.0342644102542773
0.7190144543733192
0.7717801127496502
0.7567166426466476;0.027407822795457733;0.19886308424837237;0.9328249588659663
0.9901767619905427;0.2604930046635576;0.2743849299456995;0.6367455372088251
0.8578465440091688;0.0495972601002093;0.23059804501535255;0.756859447906705
35528;1501;14917;92599
Confusion matrix
35179;230;34;85
559;391;471;80
4662;2081;4093;4081
6089;11564;15984;58962
0.7510781843802041;0.025429240374609783;0.13032541552569574;0.6088285404512365
85;114;4782;98625;18624;16226;6089
35528;1501;14917;92599
46489;14266;20582;63208
0.5404500584521563
0.31768653360545157
0.5195279960279124
0.49177462354882795
0.5883527847044383
