0.716691218035064
0.4898462170335113
0.5303796125704262
0.46736342379450924
0.8798807440851418
0.716691218035064
0.7762874822527186
10.21148353923712
0.908602303127528
0.7217419387557122
0.8223202275708259
0.8638808313351282;0.020922889136549383;0.1257597729166024;0.9488213747457652
0.9574972811310495;0.3105553367467507;0.21506964964119882;0.6383961827627058
0.9082831747710223;0.03920447482908639;0.15871347078636372;0.7632525747915645
147120;5078;18952;304723
Confusion matrix
140867;4908;1266;79
1323;1577;1745;433
3119;1776;4076;9981
17754;67111;25324;194534
0.8319768952727444;0.019994167839438085;0.08619705204390213;0.6171450687782346
79;1699;16634;341054;28423;70230;17754
147120;5078;18952;304723
163063;75372;32411;205027
0.5303796125704262
0.28330878196493603
0.5763718885303374
0.538413780668673
0.6560445214173967
