0.5756911718504556
0.4045073089692156
0.5633724811573932
0.3965371523328385
0.8811389767984126
0.5756911718504556
0.6810735323290917
15.293640331764653
1.2332889982914668
0.7080260356617953
0.7392183430551821
0.45801761212369446;0.020365728608864077;0.1773753757952877;0.9622705193490161
0.8471590909090909;0.5099857346647646;0.3137521642344793;0.5825929348212382
0.5945766316629004;0.03916735141057245;0.2266291482424405;0.7257754780154404
5280;1402;8086;112552
Confusion matrix
4473;770;35;2
401;715;170;116
2485;611;2537;2453
2407;33012;11561;65572
0.42305873451243736;0.01997485682357871;0.1277956880918799;0.5695820991461307
2;151;3393;73297;12573;35497;2407
5280;1402;8086;112552
9766;35108;14303;68143
0.5633724811573932
0.42430882814954446
0.2458783904220947
0.17372045102622535
0.5293961296300547
