0.6741898358471137
0.4422924191844183
0.6330612778191869
0.47214653938927176
0.8652381457846335
0.6741898358471137
0.7400369211549864
11.743388627377996
0.9190411963001545
0.7598728100672151
0.8138724260670456
0.5297643372837488;0.07024793388429752;0.20153721084916118;0.9676201947204657
1.0;0.42761806981519507;0.4178029722690363;0.6868240691925165
0.6926090828138913;0.12067217151962915;0.27191145677535145;0.803393446448215
3889;1948;6527;70181
Confusion matrix
3889;0;0;0
100;833;447;568
2214;541;2727;1045
1138;10484;10357;48202
0.5297643372837488;0.06421028289524397;0.15734810455253592;0.6713931526311391
0;568;1492;55651;10998;12698;1138
3889;1948;6527;70181
7341;11858;13531;49815
0.6330612778191869
0.32581016415288633
0.35631012922467553
0.3013803832104426
0.6097448550729517
