0.49025094124945684
0.45666136206454916
0.4386213267100718
0.4092541643550193
0.7021021602945613
0.49025094124945684
0.5586656563753829
18.37321838903329
1.5782113680623244
0.6333625059786157
0.6645245284959024
0.610875289417533;0.005258467809530531;0.40178789832996065;0.8087237927011726
0.8599709204786936;0.16051710207379477;0.27146656249530476;0.4625307217924941
0.7143302697501576;0.01018333418763989;0.3240141312339723;0.5884889222483076
62587;3713;66557;265284
Confusion matrix
53823;3935;2230;2599
1304;596;1009;804
19383;3488;18068;25618
13598;105322;23662;122702
0.5556094640350153;0.005117724845008501;0.1933274840035096;0.416921221182107
2599;3034;30562;195189;28454;124705;13598
62587;3713;66557;265284
88108;113341;44969;151723
0.4386213267100718
0.5097490587505431
0.30071050331695864
0.2609771875137348
0.3975042967963729
