0.7475371441118349
0.4900459225402281
0.35702220481968605
0.39742008790928784
0.9776487014283274
0.7475371441118349
0.8169655647223061
9.099683671259656
0.9156896105003155
0.0
0.0
0.9607906025738684;0.0;0.0;0.999393087587044
0.9786426004573668;0.0;0.0;0.4494462188213774
0.969634439926362;0.0;0.0;0.6200459117107893
269368;0;0;208837
Confusion matrix
263615;2824;2872;57
0;0;0;0
0;0;0;0
10758;93019;11199;93861
0.9410586664572371;0.0;0.0;0.44932358038048004
57;2872;2824;357476;11199;93019;10758
269368;0;0;208837
274373;95843;14071;93918
0.7140444096393721
0.25246285588816514
0.627790136693885
0.5728501832803918
0.7263129398943369
