0.7956333022605453
0.5147000924490795
0.5899661955084992
0.5024045535518112
0.8623308110968504
0.7956333022605453
0.8253065537541343
7.3661224175993745
0.6881076826651645
0.7617632833286353
0.8560225596614106
0.942480751432566;0.024750673363907693;0.19732072498029946;0.8942482200195448
0.9226854306231626;0.4509283819628647;0.23966309341500766;0.7465878760329615
0.9324780455017022;0.04692567800703885;0.21644048750972428;0.8137740031887796
103745;754;15672;85797
Confusion matrix
95724;1832;6069;120
122;340;263;29
1688;2802;3756;7426
4032;8763;8947;64055
0.8734977688959457;0.024026570560384423;0.12135310652321411;0.6860193634065886
120;6098;9521;163875;11871;10451;4032
103745;754;15672;85797
101566;13737;19035;71630
0.5899661955084992
0.20436669773945468
0.6648582611946896
0.6590921605201951
0.735062685834398
