0.7844316818727055
0.4891308290581272
0.3938845297960532
0.4287434455852097
0.9786382625681366
0.7844316818727055
0.8555630976856315
7.769869740255143
0.7424949269306386
0.0
0.0
0.956687967172516;0.0;0.0;0.9998353490599928
0.9789498996513231;0.0;0.0;0.5965882195328898
0.9676909152412211;0.0;0.0;0.7472828670996179
108123;0;0;111965
Confusion matrix
105847;2262;3;11
0;0;0;0
0;0;0;0
4792;36258;4118;66797
0.9374042421290352;0.0;0.0;0.5965296134886047
11;3;2262;172644;4118;36258;4792
108123;0;0;111965
110639;38520;4121;66808
0.7877690595921064
0.21556831812729454
0.6857711846740153
0.6398857330646013
0.7639916626348066
