0.8084060232745612
0.49437680331499106
0.39694116217452824
0.436718516583008
0.9876303931837206
0.8084060232745612
0.881982229320119
6.905746888534292
0.6873105239435194
0.0
0.0
0.9782892733292073;0.0;0.0;0.9992179399307569
0.929847986852917;0.0;0.0;0.657916661845196
0.9534537481629;0.0;0.0;0.7934203181691319
214192;2;0;172838
Confusion matrix
199166;14417;520;89
2;0;0;0
0;0;0;0
4418;50657;4050;113713
0.9110478839222;0.0;0.0;0.6575780531669433
89;520;14417;312879;4052;50657;4418
214192;2;0;172838
203586;65074;4570;113802
0.529254882899371
0.19159397672543874
0.7038326725937466
0.6682813032856598
0.7978504203950372
