0.7228036330400235
0.4938239937865178
0.39300366142636445
0.41501269238500804
0.988018403803979
0.7228036330400235
0.8195024653550023
9.99116977142792
0.929991641699448
0.0
0.0
0.9758573641976737;0.000236131797871181;0.0;0.9992024791505264
0.9296025964871056;0.0948905109489051;0.0;0.5475215382694468
0.9521685664108185;0.00047109130111793585;0.0;0.7074111118280957
136184;137;0;160180
Confusion matrix
126597;2806;6766;15
45;13;24;55
0;0;0;0
3087;52235;17156;87702
0.9087039536018835;0.00023560114538402987;0.0;0.5472823712948518
15;6821;2830;214312;17201;52235;3087
136184;137;0;160180
129729;55054;23946;87772
0.5240048819018193
0.2771963669599765
0.6223231819026636
0.5662234147332172
0.7130318674428929
