0.7029862499242837
0.47684739060572884
0.6101948527938069
0.49391662053434426
0.7209541317806964
0.7029862499242837
0.6965199772627215
10.705460659530987
0.9816843315445322
0.7313315207378922
0.7932261538055314
0.4538344811485934;0.08832874391018852;0.5440309668338172;0.8211953705303161
0.999742864489586;0.3017366136034732;0.29384651936326917;0.8454534137188995
0.6242774566473988;0.13665410453875143;0.38158706651857344;0.8331478544326535
3889;1382;21045;56229
Confusion matrix
3888;0;1;0
60;417;284;621
3161;1970;6184;9730
1458;2334;4898;47539
0.453781512605042;0.07333802321491383;0.23577855726704286;0.714013217182337
0;622;10014;58028;6928;5495;1458
3889;1382;21045;56229
8567;4721;11367;57890
0.6101948527938069
0.2970137500757163
0.3906304468237725
0.38291102590444004
0.569099501813975
