0.6760203292681669
0.4899927771953733
0.47026772137936634
0.46435667990199203
0.8417533557844323
0.6760203292681669
0.7357442144221676
11.677410956978491
0.9629379824811484
0.0
0.0
0.851859797353048;0.0;0.18344827586206897;0.9246630355663763
0.910150395824885;0.0;0.362802231866088;0.6081182578264924
0.8800409154839536;0.0;0.2436810326879034;0.7337047714361111
56717;0;16130;121159
Confusion matrix
51621;2673;2376;47
0;0;0;0
2495;1827;5852;5956
6482;17326;23672;73679
0.7857795232441319;0.0;0.1387453174640808;0.579410515720105
47;2376;8629;131152;25499;19821;6482
56717;0;16130;121159
60598;21826;31900;79682
0.6270236285058218
0.32397967073183304
0.5247759181531513
0.49260478195052393
0.6031041197935387
