0.668399902156061
0.47354767080409266
0.5153297358026733
0.4358053841991967
0.8794062317933992
0.668399902156061
0.7374537354937664
11.952078990484267
0.9963976614704801
0.7089989036977367
0.8146415410236109
0.8332038996964193;0.01834276079625802;0.08053400163863318;0.9621100210850599
0.9368275205126539;0.35185185185185186;0.21014902848519149;0.5624905423609958
0.8819824716353012;0.0348677918788286;0.11644396439086427;0.7099273088917926
138573;3834;15903;270945
Confusion matrix
129819;3825;4738;191
1302;1349;692;491
2150;5091;3342;5320
22536;63279;32726;152404
0.7888807190038952;0.017743229557142668;0.061821343347083745;0.5503002379516658
191;5229;9837;286914;39119;65429;22536
138573;3834;15903;270945
155807;73544;41498;158406
0.5153297358026733
0.3316000978439389
0.5340852166325889
0.48571988118872167
0.6044655000214596
