0.4111795774647887
0.40203568914094634
0.41064875424772823
0.3445525003024197
0.7780632030662417
0.4111795774647887
0.5051107387126694
21.223239218292655
1.7337242870777847
0.6122505289794162
0.6409151864376761
0.6062619586014959;0.020945752853564644;0.08831465947087463;0.8926203856378504
0.7828489286195589;0.24359726295210166;0.24245108301795637;0.3736977424012961
0.6833313727796729;0.03857465713135816;0.12946918065917054;0.5268347906394769
22261;5115;12419;141965
Confusion matrix
17427;1833;2976;25
889;1246;809;2171
4635;587;3011;4186
5794;55821;27298;53052
0.5189850799606898;0.019666645621567017;0.0692152084961611;0.3576209832352525
25;5147;6828;74736;28774;60456;5794
22261;5115;12419;141965
28745;59487;34094;59434
0.41064875424772823
0.5888204225352113
0.2208859683403756
0.16266167318032243
0.34816773941827506
