0.6713663241183584
0.5502306469159475
0.5549229028940328
0.5263849819738713
0.6994674080922534
0.6713663241183584
0.6711420427265998
11.845158305469356
1.0425292932845542
0.7179141664252162
0.8341876196059637
0.9153363404589135;0.05354981129388307;0.5832146709816612;0.6488217649293321
0.9456398411540643;0.2362551052466227;0.3031036957301758;0.7346929694452685
0.9302413648775236;0.08730988041332868;0.3988962179231779;0.6890924646814549
49356;3183;44592;67420
Confusion matrix
46673;2248;435;0
440;752;1586;405
765;3906;13516;26405
3112;7137;7638;49533
0.869580608499618;0.04564768726478087;0.24913826473244732;0.525660617637695
0;840;30239;110474;11984;7902;3112
49356;3183;44592;67420
50990;14043;23175;76343
0.5549229028940328
0.32863367588164155
0.5241050193370962
0.514680958283348
0.5445966870073937
