0.6479173953596828
0.4552301957510511
0.5444692743088777
0.44781111642708415
0.8826537579734325
0.6479173953596828
0.7288681064514392
12.690343365993156
1.0326959678714025
0.71637492788254
0.8073229013539271
0.7359282638556635;0.051564323804728446;0.06665408745695552;0.966774107886857
0.9600539593694002;0.24649890590809628;0.34371199221600585;0.6276122397420083
0.8331818976061506;0.08528760433819771;0.11165547214539709;0.7611194916185914
49667;9140;16444;336445
Confusion matrix
47683;818;1163;3
1500;2253;4387;1000
2604;1934;5652;6254
13006;38688;73594;211157
0.7140632253620258;0.04454329774614472;0.0591287609323346;0.6143606961844854
3;2163;11459;266745;77028;41292;13006
49667;9140;16444;336445
64793;43693;84796;218414
0.5444692743088777
0.35208260464031715
0.4112087359899329
0.3442044357605558
0.5915612532742995
