0.6062394555974501
0.48709182301652765
0.537229501373491
0.447207800010337
0.8645533128588107
0.6062394555974501
0.6853871317101241
14.192568580755578
1.1938653312249727
0.7114870889025786
0.7905863441116325
0.8460177723525091;0.022374716696046335;0.12865814003902015;0.9513166629785351
0.9707638435515461;0.38655644985860343;0.27884796090960345;0.512749751174211
0.9041080746440259;0.0423009629003654;0.1760761859554395;0.6663459765415173
84245;4597;21284;243142
Confusion matrix
81782;1265;869;329
775;1777;1112;933
7814;2417;5935;5118
6296;73961;38214;124671
0.8249974780591143;0.02160749027237354;0.09653702890417866;0.499639310361411
329;1802;7495;214165;41406;81775;6296
84245;4597;21284;243142
96667;79420;46130;131051
0.537229501373491
0.39376054440254993
0.47475175847939616
0.41109187331095043
0.5467215753902502
