0.8285075764426244
0.5025379627062783
0.4308179740678585
0.45773683935847653
0.9691012744823236
0.8285075764426244
0.886192037099621
6.181213473561716
0.6376974631301852
0.0
0.0
0.9791275012839178;0.0;0.039582669640012745;0.9914416799011823
0.9652294272563018;0.0;0.07890141292268614;0.6791410560924459
0.9721287932300754;0.0;0.05271811190665606;0.8061004522971746
215297;0;6299;165459
Confusion matrix
207811;2274;5061;151
0;0;0;0
16;4967;497;819
4414;41677;6998;112370
0.9457690679798113;0.0;0.027072665867741583;0.6751828106880412
151;5061;3093;320678;11965;41693;4414
215297;0;6299;165459
212241;48918;12556;113340
0.5744239654238114
0.17149242355737557
0.7228932214244718
0.6987547915457812
0.8151473212457737
