0.574660274223593
0.47514360172310105
0.4417944036740218
0.41721817722859944
0.8347687528860623
0.574660274223593
0.66019112792207
15.330797648506953
1.29354432035191
0.6583839678656119
0.7179488668031284
0.8627976065944182;0.014945034116755117;0.10457605644299804;0.9182557097382329
0.8354999696108159;0.14355939918070096;0.2994806488332385;0.48863759707133203
0.8489294034095783;0.027071799493583962;0.155020346535565;0.6378511594756705
148079;10985;28112;304029
Confusion matrix
123720;7120;17194;45
3502;1577;4332;1574
6253;1834;8419;11606
9919;94989;50561;148560
0.7375128909766144;0.013721634414590005;0.08402279463866905;0.4682683275860982
45;18768;23058;282276;55897;101242;9919
148079;10985;28112;304029
143394;105520;80506;161785
0.4417944036740218
0.425339725776407
0.43406182191667336
0.3870786750101365
0.517279147621719
