0.8811341264202389
0.49140830932188206
0.4470712282959786
0.46474483162699176
0.9828731379196002
0.8811341264202389
0.9266959857167459
4.284360347103527
0.5073030039843347
0.0
0.0
0.9668127335996907;0.00014576197070184389;0.0;0.9986747417171358
0.9640419981237068;0.016260162601626018;0.0;0.8079827524585816
0.9654253778884577;0.0002889338341519792;0.0;0.8932650147853574
77813;123;0;86737
Confusion matrix
75015;1553;1227;18
42;2;4;75
0;0;0;0
2533;12166;1956;70082
0.9331616659202866;0.00014448779078167894;0.0;0.8071173557526201
18;1302;1557;145099;1998;12166;2533
77813;123;0;86737
77590;13721;3187;70175
0.5960949710613048
0.1188658735797611
0.800200679849707
0.7849869965446339
0.8660743690111223
