0.6124808975978936
0.47974976956146176
0.4574557351424524
0.400415861219635
0.9546233650905546
0.6124808975978936
0.7158128876298232
13.967604208643314
1.4040180653431542
0.6776968260568629
0.7304519184729916
0.9075370175580548;0.0037014848731225128;0.0163727959697733;0.9913877798448965
0.9711249161237256;0.2962328767123288;0.10308370044052863;0.45938144729322655
0.938254823025043;0.007311609822070074;0.028257456828885398;0.6278395552025418
46199;584;1135;103241
Confusion matrix
44865;1151;172;11
346;173;48;17
420;214;117;384
3805;45200;6809;47427
0.8836911561946031;0.00366921885936075;0.014331210191082803;0.45755549767011083
11;189;1583;92582;7369;45620;3805
46199;584;1135;103241
49436;46738;7146;47839
0.4574557351424524
0.3875191024021064
0.5330994372499993
0.43207262636049093
0.5827145165512813
