0.8136560453989904
0.49176117591974855
0.4072098185365961
0.44170971862990094
0.9836034548234878
0.8136560453989904
0.8829928431521916
6.716516910796171
0.6434913830369398
0.0
0.0
0.9688066065340777;0.0;0.0;0.9982380971449165
0.9529696637426901;0.0;0.0;0.6758696104036944
0.9608228807274368;0.0;0.0;0.8060159937921668
109440;0;0;110653
Confusion matrix
104293;4744;271;132
0;0;0;0
0;0;0;0
3358;27962;4546;74787
0.9245997269455132;0.0;0.0;0.6750643137608882
132;271;4744;179080;4546;27962;3358
109440;0;0;110653
107651;32706;4817;74919
0.8144196370731922
0.18634395460100958
0.7158454227979555
0.6818186706834968
0.7991443872703835
