0.4788050283581723
0.44473314154516086
0.40222623263349466
0.3756611036710842
0.8268921465762784
0.4788050283581723
0.5656484448039198
18.78577090600878
1.5500059493657912
0.6251196850231295
0.6998609931283459
0.7769526369144447;0.007398273736128237;0.07320909394213812;0.9213725615879323
0.9378219174184002;0.08306709265175719;0.21618578465869107;0.3718301358051304
0.8498414090100312;0.013586483191081692;0.10937833796197392;0.5298381845212498
35141;4695;7105;115975
Confusion matrix
32956;1513;669;3
669;390;2315;1321
2507;706;1536;2356
6285;50106;16461;43123
0.7388906327070535;0.006839705366538057;0.05785310734463277;0.3603944674271865
3;1990;6184;78005;17836;52613;6285
35141;4695;7105;115975
42417;52715;20981;46803
0.40222623263349466
0.5211949716418277
0.35731203648112736
0.2805056174376249
0.41865294279386944
