0.7402743428917025
0.49089412244462716
0.525964827122945
0.4970146323056619
0.823818672483616
0.7402743428917025
0.7727018076633978
9.36146156107217
0.7989549286319921
0.7199034641911858
0.7773304755674687
0.7958710082057179;0.13306393418963774;0.09007566938300349;0.9445658780001492
0.9220903475838682;0.24861803963866794;0.17427619539205105;0.758874725877193
0.8543439840659802;0.1733490011750881;0.11876628879331019;0.8415992551882693
82570;14834;21311;233472
Confusion matrix
76137;1066;3099;2268
3553;3688;4693;2900
10789;1578;3714;5230
5186;21384;29726;177176
0.7457246958804286;0.09489990221810508;0.06313212871202978;0.7265182269241809
2268;5999;10989;260715;34857;32173;5186
82570;14834;21311;233472
95665;27716;41232;187574
0.525964827122945
0.2597256571082976
0.5611068464730018
0.5466058180362563
0.6642758124512682
