0.6141373684073492
0.451233740001738
0.47858631184556716
0.4239235098542345
0.8564976126133366
0.6141373684073492
0.6950559284301264
13.907898948938104
1.3556889447642402
0.6806250909568958
0.7350860255128542
0.7040792372422262;0.007787866124681837;0.1374356716294686;0.9556321850105752
0.9359779151413311;0.21172217918925898;0.19400955673827747;0.5726355963134011
0.8036337216791792;0.015023130124124033;0.16089435871001;0.7161428289036247
83315;3873;25741;347963
Confusion matrix
77981;3461;1846;27
1015;820;1268;770
10397;1896;4994;8454
21363;99115;28229;199256
0.671728831079335;0.007568415709077484;0.08748510966295284;0.5578056851075266
27;2616;13183;283051;31140;109512;21363
83315;3873;25741;347963
110756;105292;36337;208507
0.47858631184556716
0.3858626315926508
0.43066686074303473
0.3660726577291695
0.5475080796592703
