0.8582808112700497
0.49514643454309776
0.46859885437548554
0.4794311545676919
0.8883400802538798
0.8582808112700497
0.8724069679731311
5.1080773171692035
0.5376205330235935
0.0
0.0
0.9642361364798714;0.0;0.08216783216783216;0.9341817695246875
0.9463400059755005;0.0;0.03560306371517549;0.892452347811266
0.9552042558067999;0.0;0.049679957719184924;0.9128404047447828
83675;0;11881;70406
Confusion matrix
79185;1730;2530;230
0;0;0;0
465;6796;423;4197
2472;2905;2195;62834
0.914249757539371;0.0;0.025472720703360232;0.8396563013643713
230;2530;5927;142442;8991;3370;2472
83675;0;11881;70406
82122;11431;5148;67261
0.6247984725006474
0.14171918872995024
0.7587886642209104
0.7541162105244794
0.8189786301119739
