0.6230099745746137
0.4862032034604381
0.31449037956871984
0.3550688778282931
0.9728648885961927
0.6230099745746137
0.705691103546477
13.588097807587085
1.3147933537153298
0.0
0.0
0.9478467756386008;0.0;0.0;0.9969660382031515
0.9488196430528844;0.0;0.0;0.30914187522199504
0.9483329598366573;0.0;0.0;0.471942551476515
100351;0;0;104169
Confusion matrix
95215;550;4488;98
0;0;0;0
0;0;0;0
5239;61642;5085;32203
0.9017425892603467;0.0;0.0;0.30885131441395647
98;4488;550;127418;5085;61642;5239
100351;0;0;104169
100454;62192;9573;32301
0.6289807591374397
0.3769900254253863
0.5335494967097577
0.4444246028587544
0.5997628747606712
