0.6002581138568902
0.419864574244562
0.46945814438816824
0.41781562478181977
0.7944191411890476
0.6002581138568902
0.6712195485380634
14.40815798925418
1.2058220264778643
0.6599878080939467
0.6849688603523281
0.6213391601876789;0.028936307791787907;0.11228020730580739;0.916902621692974
0.9011669328092372;0.1578881048387097;0.19074344992685197;0.6280340899778742
0.7355376872330612;0.04890901284203131;0.14135341310047111;0.7454623859517154
40705;15872;37595;366090
Confusion matrix
36682;625;2197;1201
1941;2506;7698;3727
12346;2169;7171;15909
8068;81304;46801;229917
0.5816999682841738;0.025067520256076822;0.0760517970962234;0.5942128618576631
1201;5924;24232;276276;50911;93650;8068
40705;15872;37595;366090
59037;86604;63867;250754
0.46945814438816824
0.3997418861431098
0.292184951262139
0.25628907887904184
0.5311551307729427
