0.7025042214258945
0.4902405420772386
0.5506275336094205
0.47742075696052305
0.8767518909024563
0.7025042214258945
0.7667005310755147
10.722834727650605
0.8722356287086312
0.7289369366242151
0.8094104945580942
0.8552601527673217;0.03164973200486666;0.11972080727319621;0.95433147626357
0.9467041198501873;0.2848054445923953;0.309471227967832;0.6615293420272673
0.8986618907736682;0.05696867462748406;0.17265066542686114;0.7814017970140787
106800;6759;23999;337400
Confusion matrix
101108;1049;4455;188
1449;1925;1661;1724
5257;2546;7427;8769
10405;55302;48493;223200
0.8159727546384098;0.029319483367856707;0.09448147771219215;0.6412300585208616
188;6179;11479;333660;52488;60559;10405
106800;6759;23999;337400
118219;60822;62036;233881
0.5506275336094205
0.2974957785741055
0.5329126730977966
0.49215551423261816
0.6441886299673215
