0.7712462440771987
0.48067767607355216
0.3287261503545134
0.36605453304418334
0.9478954930421659
0.7712462440771987
0.810956549527381
8.245121089940154
0.7748296890145241
0.0
0.0
0.9252544867029749;0.0;0.0;0.9974562175912337
0.962660535495378;0.0;0.0;0.3522440659226756
0.9435869402657948;0.0;0.0;0.5206311919109387
190067;0;0;86829
Confusion matrix
182970;1336;5683;78
0;0;0;0
0;0;0;0
14781;26531;14932;30585
0.8931988596422713;0.0;0.0;0.3519279229521212
78;5683;1336;213555;14932;26531;14781
190067;0;0;86829
197751;27867;20615;30663
0.6574523007090268
0.22875375592280134
0.5522640941053033
0.5184674263501128
0.7234672125189144
