0.7498267784936451
0.4776937951671542
0.4984264609664405
0.4579769400078576
0.9341231697244892
0.7498267784936451
0.8232025123596578
9.01715688321388
0.6989739499112759
0.0
0.0
0.8372933884297521;0.07972257711261178;0.0;0.993759215126253
0.8841014453231525;0.38228601435322945;0.0;0.72731838418938
0.8600610160498741;0.1319318593693367;0.0;0.8399148846122196
40337;5713;0;147344
Confusion matrix
35662;4646;28;1
1540;2184;1317;672
0;0;0;0
5390;20565;14223;107166
0.7544798696765185;0.07062475746992627;0.0;0.7240114311193985
1;700;5963;145012;15763;20565;5390
40337;5713;0;147344
42592;27395;15568;107839
0.6645686146219206
0.2501732215063549
0.5727050882439443
0.5235188378132558
0.7110648419776419
