0.7396584575386862
0.4806073312280722
0.5624073326666261
0.49494929731960924
0.8629379254500493
0.7396584575386862
0.786915309780071
9.38366031926372
0.8261842255359064
0.7323186529986225
0.8010015191495978
0.7949169602415702;0.07679693905438645;0.10308703889446116;0.9476283867218711
0.9885467517837025;0.21778725053284248;0.30307994757536044;0.7402153807745991
0.8812207096630217;0.11355255846845481;0.15384615384615383;0.8311777673008066
15978;5161;3052;88123
Confusion matrix
15795;39;133;11
167;1124;1100;2770
1157;146;925;824
2751;13327;6815;65230
0.7876626938612676;0.06019386279655117;0.08333333333333333;0.7111241932670505
11;2903;1963;83074;7128;14484;2751
15978;5161;3052;88123
19870;14636;8973;68835
0.5624073326666261
0.2603415424613138
0.49694195276622444
0.46409646555052164
0.6750419864399269
