0.47335035380517865
0.26589957672812226
0.35707482564811066
0.22663317306970965
0.7669913138397413
0.47335035380517865
0.5739528886134658
18.982377304947313
1.5500136208096837
0.5654267949437545
0.5754703050792223
0.006164860296311027;0.03415009262819393;0.1437170805116629;0.8795662734763212
0.45925925925925926;0.17534099066762385;0.2823465338831401;0.5113525187824193
0.01216640502354788;0.05716626195839794;0.1904786899013227;0.6467213353955701
135;5572;12853;108346
Confusion matrix
62;60;12;1
597;977;857;3141
4100;680;3629;4444
5298;26892;20753;55403
0.006120434353405726;0.029424165763161064;0.10526468455402466;0.47789221267639653
1;3153;5361;60071;22030;30992;5298
135;5572;12853;108346
10057;28609;25251;62989
0.35707482564811066
0.5266496461948214
0.04718949379985578
0.03563826669288772
0.4199600836483679
