0.7783223053614495
0.5365962851807112
0.5944167194274943
0.542649587056349
0.8489555245438869
0.7783223053614495
0.8047941672602592
7.990073989650468
0.6979414396352241
0.7611788466930469
0.8402288987624829
0.9210966592908414;0.1800799086757991;0.127097680016046;0.9181108927401584
0.9558934722338907;0.5;0.18692232055063915;0.7348510849254472
0.9381725232591697;0.26479227864036925;0.1513113384009233;0.8163222079249339
71418;7572;10170;104892
Confusion matrix
68268;1841;1295;14
964;3786;2167;655
1763;300;1901;6206
3121;15097;9594;77080
0.8835451556959076;0.15259975816203145;0.08184792904503574;0.6896490019415391
14;1950;10214;151035;10858;16860;3121
71418;7572;10170;104892
74116;21024;14957;83955
0.5944167194274943
0.2216776946385505
0.6514259452611952
0.6408959334204076
0.7081997085746767
