0.617294386969213
0.48303940316798766
0.5221091766484951
0.4708984772205327
0.705124840130389
0.617294386969213
0.6479197007330302
13.794108466151284
1.1979723807895732
0.6943382785003416
0.7654801789745193
0.7560110561824468;0.016461552281710385;0.3444446297253581;0.8152403744824351
0.9447704650126282;0.24111842105263157;0.3076923076923077;0.5948555128364132
0.8399161305589644;0.030819038008745372;0.3250328478926209;0.6878258924218003
80772;3040;67132;201575
Confusion matrix
76311;650;1668;2143
633;733;431;1243
17181;5506;20656;23789
6814;37639;37214;119908
0.7240132827324478;0.015650688587594747;0.19405326694537084;0.5241879781420765
2143;2911;24870;217608;43353;54820;6814
80772;3040;67132;201575
100939;44528;59969;147083
0.5221091766484951
0.382705613030787
0.4375669941860772
0.4221802579396371
0.502718873526639
