0.7506635925057641
0.5045827166837726
0.4320273183641514
0.4608762658069684
0.8635195914905563
0.7506635925057641
0.7948064485703181
8.986995049009913
0.8758669653719064
0.0
0.0
0.9392504309465997;0.0;0.19572519083969467;0.883355244948796
0.9610996785175773;0.0;0.17649893302127073;0.5905106619177575
0.9500494490300023;0.0;0.1856155210482499;0.7078400931496215
105449;0;14527;86476
Confusion matrix
101347;1459;2643;0
0;0;0;0
1373;3847;2564;6743
5182;22336;7893;51065
0.9048516124424127;0.0;0.1023021984598811;0.5477960501614477
0;2643;8202;154976;11740;23709;5182
105449;0;14527;86476
107902;27642;13100;57808
0.5760364244855353
0.24933640749423594
0.6118037097535405
0.5921190308081907
0.6988212899425921
