0.8597337960870797
0.48438239846461617
0.435414793080652
0.4568200074931039
0.9730507865960849
0.8597337960870797
0.9093934363132893
5.055706436044529
0.4328022677328076
0.0
0.0
0.9376635900261744;0.0;0.0;0.9998660038322904
0.9513459871970481;0.0;0.0;0.79031318512556
0.9444552367208747;0.0;0.0;0.882824793251541
71546;0;0;94417
Confusion matrix
68065;725;2746;10
0;0;0;0
0;0;0;0
4525;10867;4406;74619
0.8947562145890023;0.0;0.0;0.7902294894468743
10;2746;725;142684;4406;10867;4525
71546;0;0;94417
72590;11592;7152;74629
0.870829586161304
0.14026620391292036
0.7657992367955408
0.7475518770970209
0.8352905517138778
