0.498493007362187
0.45645096180934086
0.3655459865191605
0.31651555197605724
0.8892651618208302
0.498493007362187
0.6333647186555451
18.076144214855862
1.5651689312042825
0.6080706696029909
0.662737421619731
0.9287336323477907;0.014278366927089711;0.00040090872644661234;0.8823909392360364
0.5445157615139532;0.18244406196213425;0.3333333333333333;0.4018907892672211
0.6865234130331298;0.02648404937935107;0.0008008542445274961;0.5522538912472206
150969;6391;18;50984
Confusion matrix
82205;63165;3419;2180
1564;1166;3111;550
11;0;6;1
4733;17331;8430;20490
0.522676551561894;0.013419729073394178;0.0004005875283749499;0.38145769338173696
2180;3969;66277;103867;9994;17342;4733
150969;6391;18;50984
88513;81662;14966;23221
0.3655459865191605
0.5015069926378131
0.2921579689128099
0.23189026814999392
0.4724564366401053
