0.6891730087435971
0.48069078899004436
0.2752373009386532
0.3061360165672045
0.9475949377334617
0.6891730087435971
0.7280408588548419
11.203340336827933
0.9524907229788661
0.0
0.0
0.9242323552465664;0.0;0.0;0.9985308007136111
0.9242087326943557;0.0;0.0;0.1767404710602571
0.9242205438195163;0.0;0.0;0.30032352244930166
117375;0;0;53836
Confusion matrix
108479;3956;4926;14
0;0;0;0
0;0;0;0
8893;30240;5188;9515
0.8591171159755441;0.0;0.0;0.17669452181987
14;4926;3956;117994;5188;30240;8893
117375;0;0;53836
117372;34196;10114;9529
0.5504746018773063
0.3108269912564029
0.4417378604608848
0.39353440573642795
0.6445345086724802
