0.8033082326597685
0.49320326969486217
0.35517193427077465
0.4044079540463937
0.9800318658957341
0.8033082326597685
0.8702921117764425
7.089489886504174
0.5980667543259532
0.0
0.0
0.9729465295494595;0.0;0.0;0.9998665492299891
0.9066364719203565;0.0;0.0;0.5140512651627422
0.9386218200825142;0.0;0.0;0.6790099961030606
204009;0;0;72876
Confusion matrix
184962;2482;16560;5
0;0;0;0
0;0;0;0
5143;15833;14438;37462
0.8843424877600979;0.0;0.0;0.5140159986827842
5;16560;2482;222424;14438;15833;5143
204009;0;0;72876
190105;18315;30998;37467
0.7103438685415493
0.1966917673402315
0.5985133909846676
0.5710186897971894
0.7868727323815172
