0.8237090148117019
0.5394181527903652
0.5804243498288391
0.5448972981708915
0.844638471467889
0.8237090148117019
0.8293965791654649
6.3541711657530024
0.6095908167911432
0.7592247549616474
0.8574265039421868
0.8944615695588458;0.12376987130961394;0.20426799007444169;0.935173180218559
0.9900162201465407;0.3410987482614743;0.2087538672211797;0.7818285636861614
0.9398162896888606;0.18163303092019997;0.20648656783806157;0.8516533042364439
107274;2876;19717;103327
Confusion matrix
106203;156;804;111
738;981;807;350
7737;2725;4116;5139
4056;4064;14423;80784
0.886465506447978;0.099887995112514;0.11512964672316858;0.7416343055440799
111;1154;6102;192084;17886;11801;4056
107274;2876;19717;103327
118734;7926;20150;86384
0.5804243498288391
0.17629098518829817
0.708062826408265
0.703168708584381
0.7473727357738099
