0.8022439085032322
0.5325376851007839
0.5993409242510959
0.5442408647776735
0.8729155862978104
0.8022439085032322
0.8293605494703198
7.127852017496035
0.6625026134566365
0.7664943386439322
0.8747102804462387
0.9206128293900461;0.17141811192971218;0.10142871618198399;0.9366910829013936
0.9882212043016063;0.452962515114873;0.19034036889142422;0.7658396086964797
0.9532197172698799;0.24871360754240945;0.1323373876255949;0.8426927466728097
80993;8270;10518;157627
Confusion matrix
80039;537;414;3
1006;3746;1766;1752
1688;424;2002;6404
4208;17146;15556;120717
0.9106206268843506;0.14201766690677484;0.07085722375592836;0.7281495421808838
3;2166;8707;206504;16986;18834;4208
80993;8270;10518;157627
86941;21853;19738;128876
0.5993409242510959
0.1977560914967678
0.6721329787875877
0.6597888394983535
0.7398747774093045
