0.49500884355389724
0.41458306343634976
0.5724700909980399
0.40160017055278874
0.8184252465729591
0.49500884355389724
0.5908471821151882
18.201726207512763
1.390940022724804
0.6993877586663539
0.7363584774857552
0.5263941526800217;0.016840308963535118;0.1895514386132126;0.9255463534886298
1.0;0.44642857142857145;0.35881822282363557;0.4846335697399527
0.689722443912388;0.03245629219317985;0.2480608068602612;0.636161139245326
3889;840;8868;68949
Confusion matrix
3889;0;0;0
28;375;375;62
2334;726;3182;2626
1137;21167;13230;33415
0.5263941526800217;0.016495843047552017;0.1415921327815601;0.4664489021036615
0;62;3001;40861;13984;23501;1137
3889;840;8868;68949
7388;22268;16787;36103
0.5724700909980399
0.5049911564461028
0.2266778276436237
0.16649633491548932
0.429794632720965
