0.5480106732481422
0.4884350263618427
0.5061746179990997
0.43350973883059296
0.9176915168934483
0.5480106732481422
0.6642728114145194
16.291346629024375
1.4131147871598222
0.6907302030086406
0.7535972911043255
0.8217579118286817;0.0026953307832598976;0.1524321098179648;0.9768547530174645
0.9130923202614379;0.2601246105919003;0.36621737883567534;0.48526416230738517
0.8650208813712369;0.005335378029104966;0.21526402292553415;0.6484186729964959
29376;642;6974;147769
Confusion matrix
26823;1331;1164;58
246;167;152;77
2448;408;2554;1564
3124;60053;12885;71707
0.7621469568676479;0.0026748246147932217;0.12061393152302244;0.4797481735220917
58;1241;3047;101251;13539;62501;3124
29376;642;6974;147769
32641;61959;16755;73406
0.5061746179990997
0.4519893267518578
0.41171727663860347
0.3041676581392945
0.5094344350483828
