0.6234805605031425
0.46319807441101335
0.5103544544477203
0.43602603933452055
0.8593379829247924
0.6234805605031425
0.6936288405747387
13.571136171489396
1.2342771822895382
0.7000752388636287
0.7620437918152212
0.7017548853560297;0.012279315435962486;0.17048462909935708;0.968273467752704
0.9594847046002958;0.26116762494471474;0.2721783758140337;0.548587112431837
0.8106272965663508;0.023455809334657397;0.20965036126567563;0.7003706901713983
102776;4522;23187;330458
Confusion matrix
98612;4041;86;37
1381;1181;1438;522
9556;1939;6311;5381
30973;89017;29183;181285
0.681558685705597;0.011867080657964811;0.11710023379225888;0.538900350180441
37;608;10860;287389;32503;98573;30973
102776;4522;23187;330458
140522;96178;37018;187225
0.5103544544477203
0.3765194394968575
0.4713298061374388
0.4068161312824169
0.5443203898566266
