0.6665253866698959
0.4217241078078744
0.49510031441996305
0.4137853660539974
0.911440295575109
0.6665253866698959
0.7565457040617708
12.019643376940135
0.9986718389435588
0.6955665342994827
0.7645743987435025
0.6399622552488795;0.011969574114830689;0.054548971564897804;0.9804156303028895
0.931401496944311;0.17079889807162535;0.22146596858638742;0.6567348940775286
0.7586554057833214;0.02237136465324385;0.08753686171038336;0.7865778320690411
14563;1815;3820;128443
Confusion matrix
13564;702;297;0
737;310;663;105
1011;383;846;1580
5883;24504;13703;84353
0.611156168333784;0.011312217194570135;0.045771790293783476;0.6482309725808435
0;402;2945;99073;14823;25515;5883
14563;1815;3820;128443
21195;25899;15509;86038
0.49510031441996305
0.3334746133301041
0.38547095768465917
0.306768830380469
0.621338513625289
